3
4
5
6
13
29
63
139
304
591
1202
2449
5019
---------------------------------
3
4
8
10
21
35
76
160
314
626
1275
2477
5018
---------------------------------
3
5
6
10
20
35
76
142
294
626
1304
2646
5166
---------------------------------
3
3
4
9
17
41
98
169
334
641
1261
2503
5013
---------------------------------
3
6
7
12
21
44
75
140
293
598
1224
2451
4947
---------------------------------
4
4
6
9
19
31
67
143
292
590
1209
2448
4964
---------------------------------
2
2
4
12
19
38
67
153
341
682
1319
2580
5100
---------------------------------
2
4
7
12
24
41
86
165
322
617
1239
2486
4992
---------------------------------
4
6
7
11
19
37
80
168
309
631
1261
2449
4963
---------------------------------
4
4
5
10
22
47
89
167
326
684
1307
2589
5101
---------------------------------
5
6
7
9
20
45
74
165
321
623
1242
2472
4968
---------------------------------
4
4
7
12
24
43
79
144
305
644
1277
2553
5070
---------------------------------
3
4
5
11
19
42
89
172
327
659
1302
2542
4986
---------------------------------
5
6
7
9
21
39
77
154
292
630
1260
2513
4973
---------------------------------
2
2
4
8
18
34
79
149
329
590
1208
2492
4998
---------------------------------
3
3
4
7
15
40
78
157
311
630
1249
2544
5031
---------------------------------
3
4
4
8
16
35
78
147
306
638
1234
2471
5017
---------------------------------
2
3
7
13
20
44
98
162
309
635
1251
2527
5049
---------------------------------
2
5
7
10
19
51
83
149
297
618
1212
2532
5032
---------------------------------
4
6
8
12
24
42
78
169
325
675
1304
2522
5050
---------------------------------
3
5
9
14
21
45
80
156
305
616
1218
2442
5010
---------------------------------
3
5
7
10
26
41
83
168
354
649
1255
2515
5019
---------------------------------
2
4
6
12
19
38
77
157
326
632
1235
2513
5001
---------------------------------
5
7
10
16
25
46
89
157
311
617
1254
2477
4983
---------------------------------
2
6
7
12
22
38
78
141
298
620
1260
2503
4946
---------------------------------
4
6
12
17
26
50
87
175
313
608
1249
2515
4987
---------------------------------
2
2
5
10
19
37
73
142
296
599
1223
2452
4994
---------------------------------
5
6
7
9
16
41
78
147
305
591
1193
2472
4982
---------------------------------
3
5
7
13
24
38
74
167
298
607
1209
2489
4934
---------------------------------
3
3
7
11
21
37
87
161
331
614
1264
2509
5061
---------------------------------
4
5
9
15
20
37
89
167
330
632
1252
2435
4952
---------------------------------
3
3
3
7
17
33
80
157
316
618
1256
2528
4946
---------------------------------
4
4
6
10
15
36
64
146
293
614
1267
2472
5018
---------------------------------
3
4
8
12
26
49
87
173
338
650
1234
2492
5069
---------------------------------
3
3
7
11
19
39
84
153
308
642
1266
2533
5001
---------------------------------
3
3
8
12
20
35
76
160
298
604
1228
2468
4962
---------------------------------
4
5
6
12
20
40
79
154
317
620
1232
2467
5043
---------------------------------
2
2
3
17
27
45
79
160
336
681
1290
2497
5039
---------------------------------
2
4
5
14
22
45
78
162
320
648
1275
2565
5029
---------------------------------
4
4
5
12
19
46
80
165
299
619
1230
2450
4963
---------------------------------
2
2
4
6
13
31
56
141
303
630
1286
2513
4983
---------------------------------
2
4
5
7
13
38
82
155
303
609
1255
2514
5001
---------------------------------
4
5
6
11
25
42
83
167
330
640
1259
2537
5066
---------------------------------
5
5
10
16
32
47
93
177
338
638
1247
2536
5051
---------------------------------
3
6
9
13
21
39
77
149
302
646
1210
2481
5002
---------------------------------
3
4
6
15
24
51
91
178
343
638
1265
2565
5021
---------------------------------
3
3
4
11
21
35
83
147
292
601
1249
2591
5056
---------------------------------
2
2
5
7
15
44
84
158
288
621
1236
2477
5039
---------------------------------
3
3
5
10
14
35
71
154
328
644
1310
2548
5054
---------------------------------
4
7
12
16
22
40
76
154
294
599
1239
2564
5053
---------------------------------
4
5
8
18
28
54
94
176
339
654
1266
2486
4966
---------------------------------
5
5
11
13
18
47
79
137
288
600
1234
2534
5008
---------------------------------
3
3
7
12
22
42
67
149
307
601
1259
2545
5019
---------------------------------
5
6
8
17
32
48
87
156
313
640
1259
2545
4997
---------------------------------
2
5
6
11
18
40
83
152
296
631
1273
2535
5056
---------------------------------
2
4
5
9
15
40
68
135
289
586
1174
2390
4872
---------------------------------
4
4
9
13
20
43
77
164
308
609
1296
2571
5029
---------------------------------
3
3
7
14
27
48
82
171
313
597
1255
2509
5026
---------------------------------
5
5
7
15
24
40
78
151
307
612
1238
2443
4931
---------------------------------
4
4
9
15
25
48
85
160
301
607
1224
2477
4983
---------------------------------
3
5
7
15
25
45
75
155
311
609
1271
2498
5040
---------------------------------
2
4
5
12
22
37
84
163
302
628
1286
2492
4967
---------------------------------
2
5
7
10
21
36
56
140
292
605
1246
2471
4979
---------------------------------
5
6
10
17
22
34
62
128
284
598
1233
2530
5003
---------------------------------
2
4
5
14
26
44
86
159
334
648
1277
2535
5020
---------------------------------
4
5
8
17
30
53
91
182
356
677
1349
2539
5061
---------------------------------
6
6
7
10
18
41
81
150
318
614
1244
2492
4985
---------------------------------
4
8
12
15
24
36
84
156
320
675
1313
2532
4994
---------------------------------
2
4
8
12
17
43
80
168
329
660
1233
2443
4905
---------------------------------
4
5
5
10
23
39
79
147
333
662
1274
2489
5013
---------------------------------
4
6
8
16
23
38
82
150
297
633
1254
2557
5028
---------------------------------
3
3
4
8
18
32
66
130
304
618
1227
2443
4969
---------------------------------
5
6
7
13
24
49
81
148
296
602
1230
2498
5071
---------------------------------
2
2
5
15
29
51
98
189
362
655
1272
2537
5044
---------------------------------
2
6
7
18
27
44
88
163
333
680
1341
2554
5022
---------------------------------
3
4
5
9
13
31
73
152
323
632
1245
2492
4927
---------------------------------
2
3
4
13
19
43
87
163
300
601
1216
2450
4914
---------------------------------
4
5
10
15
21
45
82
165
318
641
1235
2437
4975
---------------------------------
6
7
9
14
25
36
70
162
299
601
1183
2396
4931
---------------------------------
3
3
7
18
27
47
83
155
298
618
1213
2421
4898
---------------------------------
3
3
3
9
21
42
74
150
301
631
1232
2468
5006
---------------------------------
4
5
5
8
17
34
74
155
303
622
1227
2494
5069
---------------------------------
5
5
7
11
21
39
77
146
290
620
1223
2517
5020
---------------------------------
3
4
6
14
21
34
68
151
323
650
1256
2491
4961
---------------------------------
4
5
8
14
27
51
76
165
323
643
1272
2487
4945
---------------------------------
2
2
7
13
22
47
94
181
357
678
1281
2490
4971
---------------------------------
5
6
7
12
24
39
67
136
297
588
1205
2384
4881
---------------------------------
3
5
5
7
18
38
84
151
301
633
1263
2499
4968
---------------------------------
2
3
7
11
24
43
83
159
337
669
1272
2456
4935
---------------------------------
3
5
7
15
22
42
74
160
323
645
1293
2456
4921
---------------------------------
2
2
5
6
20
37
70
134
285
619
1265
2480
4970
---------------------------------
3
5
5
15
29
51
83
150
292
587
1209
2473
4959
---------------------------------
4
6
6
10
19
40
88
162
332
623
1300
2564
5065
---------------------------------
3
3
3
3
14
36
64
142
309
643
1266
2540
5112
---------------------------------
3
3
8
12
20
36
82
157
312
621
1249
2545
5012
---------------------------------
2
3
6
9
20
49
90
168
314
643
1285
2539
4994
---------------------------------
3
4
7
17
27
41
84
172
322
638
1259
2478
4966
---------------------------------
4
6
11
17
23
38
86
161
330
656
1275
2562
5032
---------------------------------
3
4
8
12
19
39
73
149
305
622
1287
2551
4990
---------------------------------
3
5
11
16
26
48
96
173
312
611
1268
2499
4922
---------------------------------
4
5
8
8
19
46
86
155
306
611
1205
2473
4979
---------------------------------
3
3
6
15
25
49
85
160
311
617
1224
2418
4864
---------------------------------
3
4
5
10
21
45
82
165
297
609
1270
2472
5047
---------------------------------
3
3
4
6
11
24
61
137
292
573
1207
2503
5024
---------------------------------
4
6
7
13
24
44
85
170
330
615
1240
2509
5045
---------------------------------
3
4
5
9
18
43
78
155
315
596
1241
2517
4972
---------------------------------
4
4
9
13
20
51
97
185
349
676
1278
2523
5017
---------------------------------
3
3
5
11
21
38
71
140
285
597
1246
2521
4960
---------------------------------
3
3
5
8
19
50
97
183
350
652
1305
2587
5054
---------------------------------
3
4
7
11
23
51
78
145
292
598
1209
2474
4992
---------------------------------
5
6
6
9
22
40
82
160
314
638
1261
2564
5100
---------------------------------
3
6
7
11
21
45
77
144
307
628
1302
2516
5011
---------------------------------
2
3
5
12
19
37
59
150
302
606
1238
2463
5015
---------------------------------
4
7
11
17
29
47
87
160
296
611
1221
2478
4979
---------------------------------
3
4
9
12
24
37
91
165
326
648
1304
2560
5062
---------------------------------
3
5
5
14
23
50
89
168
335
632
1259
2475
4926
---------------------------------
2
2
3
6
18
41
81
162
300
619
1241
2509
5002
---------------------------------
2
2
5
9
20
39
86
174
328
616
1229
2514
5010
---------------------------------
3
5
10
17
25
44
75
133
280
613
1227
2464
5058
---------------------------------
3
4
5
11
19
36
80
155
334
614
1231
2465
4949
---------------------------------
4
5
6
13
24
43
88
160
298
639
1236
2492
5041
---------------------------------
4
7
12
22
30
43
85
169
326
639
1233
2476
5041
---------------------------------
3
7
8
13
23
46
88
168
328
652
1307
2522
5044
---------------------------------
6
9
13
21
33
51
96
165
338
662
1279
2482
4949
---------------------------------
3
4
8
11
22
38
85
155
310
612
1295
2464
4977
---------------------------------
4
6
9
13
24
45
75
152
305
635
1219
2427
4944
---------------------------------
2
4
8
13
17
51
88
164
327
664
1302
2579
5056
---------------------------------
2
3
7
11
20
43
80
160
302
629
1197
2455
4946
---------------------------------
2
2
4
11
21
48
83
174
320
626
1223
2516
5042
---------------------------------
2
3
5
9
20
36
81
147
310
630
1254
2485
5033
---------------------------------
2
5
5
6
13
41
94
169
321
642
1291
2565
5052
---------------------------------
2
3
3
6
23
46
88
162
316
633
1228
2538
5035
---------------------------------
4
7
9
14
24
47
90
183
334
662
1284
2536
5068
---------------------------------
3
4
7
13
26
42
85
165
333
651
1234
2528
4984
---------------------------------
4
5
9
16
26
53
109
195
356
697
1335
2531
5022
---------------------------------
5
6
8
12
26
45
74
166
335
636
1236
2506
4996
---------------------------------
2
4
6
11
25
48
92
156
306
608
1219
2505
4989
---------------------------------
4
4
4
8
20
37
81
151
323
619
1238
2454
4958
---------------------------------
3
3
4
9
14
31
61
124
263
574
1221
2524
5015
---------------------------------
2
2
4
9
20
32
61
152
297
625
1215
2459
4997
---------------------------------
7
8
11
17
21
35
74
162
307
624
1244
2492
4943
---------------------------------
2
4
5
11
15
34
59
134
305
637
1297
2514
5053
---------------------------------
3
6
8
11
17
38
77
152
294
600
1247
2475
4969
---------------------------------
4
4
8
12
17
30
75
159
316
600
1206
2463
5016
---------------------------------
2
4
5
8
16
43
99
184
340
677
1318
2589
5086
---------------------------------
3
3
7
11
19
34
76
149
323
638
1249
2502
4982
---------------------------------
3
6
8
13
24
46
93
171
311
606
1216
2435
4928
---------------------------------
3
3
4
6
18
39
84
155
311
629
1234
2498
4937
---------------------------------
3
3
4
5
15
34
63
148
339
650
1270
2500
5107
---------------------------------
2
4
7
14
22
43
77
158
322
644
1236
2515
4999
---------------------------------
3
5
7
16
29
62
102
194
341
674
1308
2533
5010
---------------------------------
5
6
6
10
19
39
77
174
317
646
1315
2537
4967
---------------------------------
4
4
7
8
23
47
80
149
319
619
1255
2455
4903
---------------------------------
3
4
7
10
19
33
76
138
314
640
1272
2537
5067
---------------------------------
4
5
6
9
20
40
79
161
319
624
1227
2469
4993
---------------------------------
3
5
7
13
24
43
73
158
309
618
1257
2544
5046
---------------------------------
3
5
7
9
15
35
77
143
309
623
1249
2506
4985
---------------------------------
4
7
9
13
24
41
80
164
307
610
1263
2508
4952
---------------------------------
4
5
6
16
28
47
79
165
302
632
1233
2450
4973
---------------------------------
4
7
7
11
20
40
78
158
321
645
1257
2489
4984
---------------------------------
3
3
5
12
20
34
63
144
295
610
1248
2505
5017
---------------------------------
2
3
4
8
14
37
81
168
319
648
1278
2520
5046
---------------------------------
3
4
10
12
25
51
91
172
316
630
1261
2585
5084
---------------------------------
2
3
6
8
28
48
83
171
328
644
1256
2529
4999
---------------------------------
3
3
6
10
24
42
77
171
344
666
1248
2486
5053
---------------------------------
2
3
6
9
21
40
83
168
341
651
1285
2550
5065
---------------------------------
2
2
5
9
24
40
86
166
326
625
1226
2468
4945
---------------------------------
2
2
3
7
15
33
68
158
309
632
1291
2530
4997
---------------------------------
5
8
10
16
23
44
73
143
296
579
1182
2484
4970
---------------------------------
3
4
7
14
23
39
86
161
313
660
1274
2497
5012
---------------------------------
3
3
5
9
19
39
79
154
315
613
1274
2539
5032
---------------------------------
3
4
6
9
20
45
85
170
295
593
1223
2485
5016
---------------------------------
4
5
7
11
21
47
96
184
349
647
1269
2462
4938
---------------------------------
3
5
10
12
19
47
94
161
347
671
1299
2477
5004
---------------------------------
8
8
9
13
22
39
71
145
287
566
1232
2536
5091
---------------------------------
3
4
5
16
23
44
75
171
335
670
1292
2602
5118
---------------------------------
3
3
5
9
16
50
97
172
347
670
1324
2606
5087
---------------------------------
3
4
5
9
20
42
73
137
312
596
1199
2409
4974
---------------------------------
3
5
8
13
20
37
74
169
339
665
1273
2566
5006
---------------------------------
2
3
5
9
20
38
71
143
291
628
1264
2484
4986
---------------------------------
4
5
8
10
16
33
59
136
277
582
1169
2411
4940
---------------------------------
2
3
4
7
18
40
82
156
323
634
1257
2503
4914
---------------------------------
3
4
6
9
14
35
72
150
290
612
1217
2404
4917
---------------------------------
2
2
4
10
19
38
85
161
327
651
1288
2557
5072
---------------------------------
3
3
3
10
20
38
74
152
296
624
1273
2556
5072
---------------------------------
4
6
10
14
28
42
74
155
312
617
1220
2509
5014
---------------------------------
3
4
5
8
20
41
76
164
359
686
1278
2568
5065
---------------------------------
2
3
5
12
27
50
95
181
327
625
1265
2528
4956
---------------------------------
3
5
7
12
20
47
82
165
320
636
1246
2493
5034
---------------------------------
4
7
13
18
30
51
79
159
334
625
1234
2490
5004
---------------------------------
2
5
7
11
18
37
90
173
330
627
1265
2497
4985
---------------------------------
5
5
11
17
30
47
90
172
322
618
1219
2515
5075
---------------------------------
4
5
7
10
25
39
90
172
319
612
1236
2513
5039
---------------------------------
2
3
4
8
23
40
81
149
317
617
1254
2507
4989
---------------------------------
3
6
10
14
23
46
76
151
323
635
1177
2470
4969
---------------------------------
3
3
6
16
25
39
83
163
334
629
1262
2529
4990
---------------------------------
3
3
6
7
18
38
80
156
310
677
1360
2591
5102
---------------------------------
3
3
7
10
23
45
82
159
335
640
1315
2540
5039
---------------------------------
2
4
5
8
15
33
74
158
327
634
1225
2437
4976
---------------------------------
3
6
11
16
24
42
79
154
318
632
1236
2493
5008
---------------------------------
5
7
12
16
23
47
79
152
300
587
1204
2414
4907
---------------------------------
3
3
5
7
15
29
65
150
298
606
1252
2534
5067
---------------------------------
2
3
3
7
22
39
72
153
329
668
1338
2592
5043
---------------------------------
3
6
7
14
26
47
82
160
313
639
1242
2453
4939
---------------------------------
4
4
6
11
24
39
75
156
323
643
1334
2561
5063
---------------------------------
4
5
6
9
20
50
92
150
297
597
1252
2506
4972
---------------------------------
2
4
7
12
22
42
77
138
290
627
1237
2483
5013
---------------------------------
2
4
10
19
28
46
85
163
322
620
1283
2501
5032
---------------------------------
3
4
6
9
17
34
73
155
314
617
1224
2476
4938
---------------------------------
5
5
6
11
18
36
71
144
311
639
1280
2525
5003
---------------------------------
4
5
8
11
19
36
72
153
308
598
1246
2538
5027
---------------------------------
2
3
6
10
21
36
77
163
306
639
1257
2472
5025
---------------------------------
2
5
6
11
19
48
76
157
300
619
1267
2504
4998
---------------------------------
2
4
6
9
16
39
73
147
308
614
1239
2448
4973
---------------------------------
3
4
7
19
33
54
94
160
317
614
1233
2420
4951
---------------------------------
4
5
5
8
18
38
84
148
309
633
1268
2448
4966
---------------------------------
4
8
8
11
20
42
88
169
336
654
1252
2481
4975
---------------------------------
2
3
5
8
18
34
71
140
310
622
1217
2472
4988
---------------------------------
5
7
11
16
27
50
88
171
310
612
1207
2452
4968
---------------------------------
3
7
8
16
27
52
94
176
358
662
1311
2502
4897
---------------------------------
3
4
4
11
18
34
72
149
316
627
1275
2537
5035
---------------------------------
2
3
3
9
20
41
83
157
291
637
1253
2454
5028
---------------------------------
4
5
9
12
16
28
72
146
309
601
1207
2456
4994
---------------------------------
4
7
8
10
16
30
64
139
286
598
1136
2450
5019
---------------------------------
2
5
7
10
23
41
73
149
305
625
1245
2510
4970
---------------------------------
3
4
5
7
21
45
79
156
307
598
1235
2503
4985
---------------------------------
3
6
10
19
24
44
86
176
333
666
1309
2578
5021
---------------------------------
2
2
4
10
16
34
76
162
305
621
1238
2471
4935
---------------------------------
4
5
8
13
18
42
84
162
309
604
1246
2455
4956
---------------------------------
2
6
8
12
21
41
87
164
326
637
1273
2522
5090
---------------------------------
5
5
9
12
22
38
81
155
330
662
1336
2610
5087
---------------------------------
2
3
5
8
17
31
67
141
286
615
1235
2512
5042
---------------------------------
6
7
8
12
25
42
81
162
327
635
1296
2516
5003
---------------------------------
4
7
9
9
21
46
84
148
311
624
1272
2557
4968
---------------------------------
3
6
10
13
23
48
90
180
329
647
1294
2515
5041
---------------------------------
2
4
7
11
17
33
72
135
293
596
1210
2470
5072
---------------------------------
4
6
7
13
26
39
87
174
319
615
1270
2511
5001
---------------------------------
3
4
9
12
19
39
86
170
319
614
1223
2448
5025
---------------------------------
4
4
7
8
15
29
74
159
322
668
1294
2501
4990
---------------------------------
7
7
11
14
22
42
88
162
314
630
1264
2389
4913
---------------------------------
4
5
7
11
22
40
80
151
314
660
1330
2538
5030
---------------------------------
4
4
9
16
31
53
89
178
327
615
1270
2511
5022
---------------------------------
3
4
6
9
23
42
76
157
349
672
1251
2457
5035
---------------------------------
2
3
4
6
15
35
75
166
331
638
1248
2478
4995
---------------------------------
2
5
11
13
19
40
76
158
299
634
1256
2515
5020
---------------------------------
5
6
10
15
23
44
88
166
316
634
1232
2488
5059
---------------------------------
2
3
5
9
13
34
74
154
313
628
1237
2492
4951
---------------------------------
4
5
8
13
26
45
77
154
297
603
1219
2500
4997
---------------------------------
2
2
3
6
12
30
65
171
332
663
1295
2589
5050
---------------------------------
2
5
5
6
13
33
75
147
321
618
1276
2551
5045
---------------------------------
4
6
8
13
23
41
86
157
317
640
1230
2533
4966
---------------------------------
3
4
8
16
20
40
85
153
325
630
1253
2531
5049
---------------------------------
3
5
5
11
19
45
84
157
329
629
1284
2527
4997
---------------------------------
3
6
8
12
24
38
72
148
315
651
1295
2510
5018
---------------------------------
3
3
9
13
20
46
79
156
298
638
1254
2492
5042
---------------------------------
3
5
7
13
21
33
77
161
325
629
1243
2494
4991
---------------------------------
2
6
6
11
23
42
77
166
319
643
1264
2558
5001
---------------------------------
3
4
5
8
17
36
75
164
321
668
1281
2537
4996
---------------------------------
4
5
6
13
21
40
75
148
302
599
1190
2445
5032
---------------------------------
3
4
4
9
21
43
79
157
320
618
1278
2491
4949
---------------------------------
2
2
2
8
20
35
77
156
307
621
1244
2496
4955
---------------------------------
2
2
7
10
15
36
71
157
320
609
1232
2500
5030
---------------------------------
4
4
7
17
30
48
92
160
332
676
1325
2606
5040
---------------------------------
2
2
3
11
26
48
88
173
329
650
1314
2602
5077
---------------------------------
4
5
7
14
28
42
84
169
335
645
1261
2518
5003
---------------------------------
4
7
7
16
23
35
80
159
322
604
1227
2459
4888
---------------------------------
4
8
11
15
25
50
91
192
339
674
1350
2613
5112
---------------------------------
7
7
8
19
26
51
87
181
330
637
1232
2484
5021
---------------------------------
3
5
6
16
25
43
84
152
309
590
1242
2518
4950
---------------------------------
4
6
6
10
22
43
85
167
320
663
1292
2505
5099
---------------------------------
2
2
3
8
14
29
69
153
297
576
1207
2435
4933
---------------------------------
3
4
7
11
23
46
75
163
325
621
1219
2548
5000
---------------------------------
3
3
5
9
18
35
73
149
289
594
1198
2457
5019
---------------------------------
3
7
12
15
29
49
90
167
322
638
1244
2447
5103
---------------------------------
3
5
10
13
29
58
100
176
322
622
1224
2560
5015
---------------------------------
4
4
7
9
22
40
75
158
311
639
1314
2559
5021
---------------------------------
2
3
7
10
17
34
66
143
283
611
1222
2474
4984
---------------------------------
5
7
9
16
29
41
89
164
334
635
1205
2461
4968
---------------------------------
2
3
7
9
18
34
73
143
290
606
1231
2503
4993
---------------------------------
2
2
4
10
23
38
77
158
325
630
1234
2491
5003
---------------------------------
6
6
7
17
32
58
90
166
329
644
1260
2497
5036
---------------------------------
5
8
9
16
20
44
86
157
313
620
1247
2525
5010
---------------------------------
2
4
7
12
19
39
73
139
300
595
1189
2436
4977
---------------------------------
3
5
7
12
24
45
79
165
312
623
1250
2483
4885
---------------------------------
5
8
11
15
22
50
96
168
316
650
1298
2487
4952
---------------------------------
2
2
8
16
29
47
84
159
328
632
1308
2566
5050
---------------------------------
2
4
7
14
23
38
71
149
311
575
1219
2456
4994
---------------------------------
4
5
11
14
22
38
79
156
301
597
1238
2482
4979
---------------------------------
4
6
6
9
17
30
72
155
308
612
1231
2498
4884
---------------------------------
3
4
9
14
20
34
79
151
294
595
1216
2360
4867
---------------------------------
4
5
6
8
17
39
87
162
329
667
1312
2606
5035
---------------------------------
3
7
10
19
33
47
82
162
314
611
1246
2464
4962
---------------------------------
3
3
8
13
23
46
79
159
318
659
1281
2554
5074
---------------------------------
2
3
5
12
24
47
86
160
302
629
1245
2466
4928
---------------------------------
3
4
6
11
20
38
83
171
315
628
1275
2520
5057
---------------------------------
3
5
10
14
24
45
80
137
295
578
1202
2476
4911
---------------------------------
3
4
9
15
29
57
98
170
339
612
1253
2506
5016
---------------------------------
4
6
6
14
25
43
89
163
332
644
1313
2558
5048
---------------------------------
5
6
9
13
25
45
74
148
294
579
1196
2418
4961
---------------------------------
4
4
5
7
16
33
66
179
342
618
1250
2506
5021
---------------------------------
3
4
5
11
24
44
75
161
317
641
1240
2470
4934
---------------------------------
5
6
7
14
22
44
87
165
317
606
1227
2498
4970
---------------------------------
6
6
8
13
22
37
69
154
292
597
1223
2480
4993
---------------------------------
3
4
4
11
25
42
79
163
345
660
1311
2572
5118
---------------------------------
3
9
12
16
25
41
83
162
338
644
1256
2532
5038
---------------------------------
5
6
9
14
25
44
76
149
301
634
1256
2513
4918
---------------------------------
5
6
9
11
18
31
88
168
317
638
1303
2600
5048
---------------------------------
3
3
5
11
20
44
82
157
292
625
1271
2556
5101
---------------------------------
4
5
9
13
19
41
80
152
308
614
1256
2500
5009
---------------------------------
5
8
10
12
21
43
80
172
304
605
1259
2517
5057
---------------------------------
2
4
6
14
30
49
84
163
320
637
1277
2563
5104
---------------------------------
2
3
4
5
16
33
66
146
322
629
1281
2453
4966
---------------------------------
4
6
9
13
22
43
71
138
290
618
1279
2476
4953
---------------------------------
2
5
7
15
24
39
81
164
352
671
1324
2584
5063
---------------------------------
3
5
9
15
25
41
82
156
299
606
1228
2421
4962
---------------------------------
2
2
5
11
22
41
73
152
318
641
1267
2509
5017
---------------------------------
3
4
8
10
20
37
85
161
332
670
1256
2540
5024
---------------------------------
2
3
6
9
15
30
69
139
297
621
1233
2471
4985
---------------------------------
4
4
5
12
20
41
86
161
331
621
1251
2485
4997
---------------------------------
2
4
8
16
24
41
77
169
336
684
1302
2555
5023
---------------------------------
3
7
7
11
18
34
81
167
299
611
1247
2431
4912
---------------------------------
3
4
7
13
18
30
72
144
308
642
1261
2511
5039
---------------------------------
3
4
5
9
17
36
80
167
337
637
1282
2466
4941
---------------------------------
5
7
8
11
20
46
76
159
316
626
1293
2560
5040
---------------------------------
5
7
10
13
17
39
82
160
331
643
1281
2508
4985
---------------------------------
3
3
7
11
20
40
77
157
320
608
1203
2495
4922
---------------------------------
3
4
6
10
20
48
92
158
331
630
1249
2482
4946
---------------------------------
3
3
6
10
17
38
69
144
319
627
1245
2533
5012
---------------------------------
2
4
4
14
26
48
94
178
348
637
1235
2529
5025
---------------------------------
2
5
8
12
22
44
84
185
342
658
1279
2487
5020
---------------------------------
2
2
4
9
14
30
73
158
308
593
1226
2431
4962
---------------------------------
3
3
5
13
23
41
84
162
318
625
1216
2423
4979
---------------------------------
4
4
5
12
21
36
64
137
308
637
1197
2457
5031
---------------------------------
3
3
7
12
24
44
81
167
308
643
1251
2450
4888
---------------------------------
3
6
9
16
24
44
82
157
316
612
1232
2530
5082
---------------------------------
4
5
5
12
27
48
95
186
336
641
1274
2515
5016
---------------------------------
5
6
8
16
23
44
86
163
339
650
1285
2512
5026
---------------------------------
2
3
6
9
20
38
87
173
324
626
1272
2553
5040
---------------------------------
3
5
7
8
19
36
68
137
306
614
1262
2481
4929
---------------------------------
5
8
9
15
25
39
78
160
309
634
1251
2538
4988
---------------------------------
2
3
3
8
16
33
59
124
273
583
1231
2458
4946
---------------------------------
6
6
6
9
25
44
90
184
331
662
1275
2477
4974
---------------------------------
3
5
6
13
20
36
80
158
305
621
1274
2540
5007
---------------------------------
5
5
8
15
25
42
85
160
329
633
1220
2492
4992
---------------------------------
3
3
4
9
21
46
89
167
314
649
1273
2555
5036
---------------------------------
2
4
7
8
17
35
76
146
312
615
1213
2551
5041
---------------------------------
2
3
5
10
12
40
79
160
314
613
1220
2479
4965
---------------------------------
2
4
6
12
25
42
73
154
305
638
1260
2523
5001
---------------------------------
3
6
10
15
23
36
84
175
330
655
1290
2520
4996
---------------------------------
3
7
10
16
22
36
73
154
314
681
1321
2552
5060
---------------------------------
3
5
7
7
21
45
95
168
313
640
1250
2512
5063
---------------------------------
3
5
7
9
17
39
75
153
298
629
1238
2531
5016
---------------------------------
4
6
8
14
25
52
96
174
350
659
1280
2528
5084
---------------------------------
3
5
7
11
25
46
81
155
305
596
1180
2503
4978
---------------------------------
3
4
9
14
24
44
86
170
303
618
1240
2478
4972
---------------------------------
2
2
5
7
16
35
69
147
311
636
1251
2489
5006
---------------------------------
4
5
7
10
23
53
88
162
324
629
1273
2502
4965
---------------------------------
6
6
10
17
25
34
80
165
333
660
1287
2516
4968
---------------------------------
3
4
5
10
23
48
91
166
320
641
1264
2495
5074
---------------------------------
3
6
7
12
19
37
76
153
320
597
1213
2484
4961
---------------------------------
2
2
2
5
18
39
78
167
342
637
1246
2502
4963
---------------------------------
4
4
6
13
22
40
92
163
313
631
1246
2498
5019
---------------------------------
3
4
6
10
18
36
71
135
266
592
1214
2439
4997
---------------------------------
4
5
6
9
19
42
80
157
311
616
1270
2549
5002
---------------------------------
4
4
5
10
17
39
77
157
332
676
1280
2554
5016
---------------------------------
2
4
6
14
24
45
87
173
333
641
1236
2466
4973
---------------------------------
5
5
5
9
19
43
75
162
312
650
1266
2510
5047
---------------------------------
4
5
8
11
23
48
110
194
343
646
1245
2472
5022
---------------------------------
3
3
4
13
24
45
84
156
322
632
1257
2474
5027
---------------------------------
3
3
5
7
17
28
71
152
320
607
1222
2469
5002
---------------------------------
3
4
7
9
18
36
73
166
327
619
1272
2486
4931
---------------------------------
3
3
4
7
11
32
68
153
307
601
1263
2471
4958
---------------------------------
2
4
7
11
17
35
80
154
326
625
1234
2461
4996
---------------------------------
2
4
7
9
14
29
71
150
300
603
1208
2508
5013
---------------------------------
5
6
9
14
28
47
103
178
316
611
1266
2534
5061
---------------------------------
5
6
8
12
22
32
74
152
299
609
1260
2544
5030
---------------------------------
2
3
6
11
22
42
78
148
306
623
1289
2518
5007
---------------------------------
3
4
5
8
18
35
75
138
296
605
1222
2485
4964
---------------------------------
4
6
8
16
24
38
76
146
289
616
1272
2549
5042
---------------------------------
5
6
7
11
17
35
76
131
289
569
1183
2490
4980
---------------------------------
3
4
8
10
18
31
65
159
312
624
1266
2448
4954
---------------------------------
3
3
5
7
19
32
70
141
275
587
1212
2475
5032
---------------------------------
2
2
4
12
29
45
82
160
322
603
1199
2413
5059
---------------------------------
3
5
6
11
25
37
64
147
294
607
1265
2542
5022
---------------------------------
3
4
9
17
27
46
77
165
318
649
1265
2422
4963
---------------------------------
3
3
7
11
16
36
71
163
308
618
1269
2521
5005
---------------------------------
6
6
10
14
34
54
85
175
343
656
1371
2555
4931
---------------------------------
3
4
5
7
17
38
71
168
313
651
1261
2491
4934
---------------------------------
3
3
4
9
20
45
82
164
308
606
1248
2503
5022
---------------------------------
2
5
8
12
20
33
88
161
325
648
1244
2528
4995
---------------------------------
2
2
6
10
17
37
75
146
296
622
1227
2456
4911
---------------------------------
4
7
8
15
20
42
66
151
307
640
1289
2530
5019
---------------------------------
3
4
5
12
25
45
87
168
323
646
1304
2600
5029
---------------------------------
2
2
7
13
23
40
78
145
310
652
1266
2538
5053
---------------------------------
3
5
7
10
18
41
79
149
305
615
1274
2493
4985
---------------------------------
5
6
10
18
30
47
87
166
325
610
1166
2420
4883
---------------------------------
2
4
7
11
21
46
86
163
322
602
1227
2449
4918
---------------------------------
2
2
5
5
15
33
76
166
319
600
1209
2435
4974
---------------------------------
4
4
5
9
16
39
75
169
326
617
1278
2464
4984
---------------------------------
2
2
4
11
26
44
85
155
311
619
1238
2469
4999
---------------------------------
3
4
7
15
24
48
77
149
319
664
1286
2554
4929
---------------------------------
3
3
5
8
14
34
77
148
300
608
1222
2490
5005
---------------------------------
5
5
7
10
21
44
81
176
328
647
1284
2528
5032
---------------------------------
3
4
6
9
17
42
87
169
339
616
1236
2456
4881
---------------------------------
4
4
5
6
16
40
77
147
307
616
1212
2497
5054
---------------------------------
4
4
8
13
19
37
73
142
300
627
1224
2463
4997
---------------------------------
4
8
8
17
27
46
88
156
321
637
1236
2518
4963
---------------------------------
2
2
4
10
13
30
75
148
278
614
1231
2461
5053
---------------------------------
2
2
5
11
22
40
62
155
323
645
1296
2557
5070
---------------------------------
4
6
7
12
28
51
90
168
347
662
1295
2555
4988
---------------------------------
3
3
5
8
16
32
85
179
322
638
1281
2538
5043
---------------------------------
4
5
7
13
27
49
98
175
344
655
1281
2560
5131
---------------------------------
4
6
9
13
27
52
82
162
320
640
1257
2521
4961
---------------------------------
3
4
8
15
25
44
78
150
294
610
1238
2565
5030
---------------------------------
4
6
10
11
16
29
74
166
321
638
1306
2558
5070
---------------------------------
3
4
8
14
25
46
85
148
310
588
1193
2450
5040
---------------------------------
3
5
6
10
19
30
63
132
272
603
1251
2437
4904
---------------------------------
3
4
6
11
22
51
82
148
297
629
1212
2477
4936
---------------------------------
2
4
7
9
23
37
83
161
309
610
1214
2412
4929
---------------------------------
6
7
8
12
20
37
74
157
306
601
1232
2516
4968
---------------------------------
3
4
7
12
23
40
69
147
307
633
1267
2525
5082
---------------------------------
5
7
9
12
22
39
82
174
330
616
1234
2502
5006
---------------------------------
4
5
5
11
20
37
79
167
307
641
1306
2506
5014
---------------------------------
2
2
3
9
15
32
64
130
275
606
1262
2533
5005
---------------------------------
3
4
5
7
14
36
84
156
282
586
1189
2404
4903
---------------------------------
3
5
5
8
19
39
83
154
304
595
1217
2487
4950
---------------------------------
4
5
10
15
24
49
82
150
290
617
1248
2474
4925
---------------------------------
2
2
4
7
20
36
71
149
323
667
1267
2502
5070
---------------------------------
4
7
8
14
24
41
85
154
298
608
1261
2473
4969
---------------------------------
2
3
7
13
19
39
80
149
316
650
1288
2564
5074
---------------------------------
3
3
4
7
12
28
62
137
282
581
1196
2496
4998
---------------------------------
3
3
7
14
27
47
75
149
312
627
1245
2530
4906
---------------------------------
3
3
6
9
15
31
71
145
297
613
1252
2538
5049
---------------------------------
4
5
6
8
17
34
78
157
326
632
1259
2545
5004
---------------------------------
5
5
9
17
25
50
91
160
319
630
1238
2503
5028
---------------------------------
2
2
7
14
23
42
84
160
314
610
1219
2459
4956
---------------------------------
3
4
4
12
25
40
87
165
304
598
1229
2513
4999
---------------------------------
4
4
7
7
20
39
78
160
304
613
1254
2541
4987
---------------------------------
4
6
10
16
23
45
93
178
326
654
1265
2522
4999
---------------------------------
2
4
7
12
19
34
61
134
289
607
1241
2471
5018
---------------------------------
3
5
8
16
25
44
77
140
316
617
1261
2481
4948
---------------------------------
2
3
7
10
21
38
62
135
305
618
1312
2584
5007
---------------------------------
2
3
5
10
20
38
82
147
282
597
1237
2511
4990
---------------------------------
3
3
8
11
17
35
71
149
312
635
1276
2447
4957
---------------------------------
4
5
6
10
26
47
86
163
319
672
1312
2569
5042
---------------------------------
3
5
7
14
22
37
83
159
315
609
1276
2474
4928
---------------------------------
3
4
6
10
20
39
80
168
336
635
1244
2506
4943
---------------------------------
2
3
7
13
20
38
77
148
330
657
1273
2545
4967
---------------------------------
3
3
7
8
15
33
76
141
292
612
1218
2436
4954
---------------------------------
2
3
4
8
18
32
76
154
308
606
1224
2415
4926
---------------------------------
3
4
5
13
23
43
86
156
326
626
1271
2559
5016
---------------------------------
2
4
6
10
19
35
68
139
302
603
1233
2471
5000
---------------------------------
5
5
12
16
25
46
85
156
299
614
1248
2493
4977
---------------------------------
3
6
7
12
18
37
79
151
312
627
1241
2443
4948
---------------------------------
3
4
7
13
17
33
79
168
351
664
1279
2586
5128
---------------------------------
6
8
8
10
17
41
75
170
332
646
1293
2504
5074
---------------------------------
4
7
11
13
21
46
96
173
319
626
1262
2584
5002
---------------------------------
3
4
5
9
16
37
68
149
317
646
1292
2486
5038
---------------------------------
3
4
8
10
16
33
80
178
372
704
1268
2487
5011
---------------------------------
3
4
6
15
22
44
77
160
308
612
1262
2468
5025
---------------------------------
3
4
5
8
13
33
67
140
291
593
1237
2399
4929
---------------------------------
2
2
5
10
17
36
72
147
285
604
1214
2493
5030
---------------------------------
3
3
4
8
18
43
88
190
350
649
1267
2496
5050
---------------------------------
3
3
3
6
10
24
59
125
278
574
1182
2396
4920
---------------------------------
2
2
2
11
20
34
73
137
304
586
1233
2512
5001
---------------------------------
3
4
9
14
28
50
91
184
358
652
1312
2577
5065
---------------------------------
3
3
5
7
15
35
70
151
315
630
1233
2492
5002
---------------------------------
5
6
8
12
21
40
67
131
290
554
1201
2480
4959
---------------------------------
3
4
6
12
18
42
81
162
309
625
1266
2486
4998
---------------------------------
4
8
8
12
22
47
90
176
318
625
1223
2553
5021
---------------------------------
6
7
8
13
27
42
82
164
333
614
1261
2538
5017
---------------------------------
2
3
8
11
18
44
99
170
332
629
1250
2419
4936
---------------------------------
3
5
8
14
21
40
75
148
300
618
1251
2495
4935
---------------------------------
4
6
10
17
24
45
86
185
349
667
1264
2540
5012
---------------------------------
6
7
12
17
24
40
75
162
338
672
1341
2543
5048
---------------------------------
5
5
8
14
23
47
84
171
331
665
1274
2522
5030
---------------------------------
4
6
6
11
16
36
72
158
302
632
1198
2408
4907
---------------------------------
3
4
9
13
23
34
77
167
325
647
1284
2570
4980
---------------------------------
3
3
5
11
16
41
77
149
317
597
1227
2447
5039
---------------------------------
3
5
8
11
17
34
72
170
324
615
1201
2453
4963
---------------------------------
5
5
7
8
19
34
91
162
306
602
1232
2539
5026
---------------------------------
4
4
5
10
18
36
72
156
314
619
1243
2480
5024
---------------------------------
6
6
9
16
26
42
88
164
322
630
1242
2559
5116
---------------------------------
2
4
8
11
24
42
76
162
315
626
1269
2486
5003
---------------------------------
4
4
7
12
22
46
99
169
339
627
1242
2492
5011
---------------------------------
4
6
12
18
29
50
85
162
325
629
1227
2441
4977
---------------------------------
3
5
8
13
20
38
79
164
332
636
1241
2478
5071
---------------------------------
2
7
12
20
28
49
86
161
307
616
1213
2484
4972
---------------------------------
3
4
9
11
15
40
73
158
318
640
1269
2561
5055
---------------------------------
2
2
4
6
22
46
83
175
334
650
1243
2466
4982
---------------------------------
3
4
6
13
24
43
85
170
331
668
1280
2493
4922
---------------------------------
4
5
7
10
20
45
88
149
310
615
1235
2449
4991
---------------------------------
4
4
6
14
22
39
67
152
330
634
1281
2506
5085
---------------------------------
2
3
6
8
13
33
81
165
316
617
1240
2479
4989
---------------------------------
3
3
4
10
18
40
70
153
330
596
1201
2472
4948
---------------------------------
2
2
4
10
20
40
80
157
296
600
1211
2458
4934
---------------------------------
2
3
4
8
20
38
89
168
301
615
1245
2490
5023
---------------------------------
4
4
8
14
22
47
90
171
316
648
1256
2489
5023
---------------------------------
2
3
4
9
19
35
77
156
306
642
1260
2501
5005
---------------------------------
2
3
4
8
21
31
66
132
285
579
1258
2475
5031
---------------------------------
3
5
7
12
18
39
83
150
338
616
1271
2510
5053
---------------------------------
2
2
5
10
24
43
75
140
310
604
1248
2503
5003
---------------------------------
5
7
10
15
22
36
80
156
325
643
1223
2512
5006
---------------------------------
3
5
7
11
21
42
76
146
302
603
1262
2580
5084
---------------------------------
3
4
7
10
16
37
65
140
306
579
1206
2494
5020
---------------------------------
4
6
10
15
27
48
81
158
333
643
1268
2507
5018
---------------------------------
2
4
4
7
18
25
57
129
265
548
1183
2432
4851
---------------------------------
4
6
7
12
24
39
80
154
303
612
1251
2473
5012
---------------------------------
4
7
11
14
21
38
74
149
317
629
1260
2499
4960
---------------------------------
4
6
11
15
24
39
80
167
319
612
1219
2489
5040
---------------------------------
2
4
6
9
19
40
90
170
318
645
1284
2531
5032
---------------------------------
4
6
11
18
24
40
85
193
351
675
1329
2564
5073
---------------------------------
3
4
5
7
23
44
87
163
317
633
1267
2519
5035
---------------------------------
5
5
5
10
15
32
65
141
293
610
1267
2530
4988
---------------------------------
3
5
7
11
23
34
73
145
298
591
1204
2482
5031
---------------------------------
3
4
6
12
21
38
81
158
309
625
1275
2613
5060
---------------------------------
2
2
4
8
12
29
67
142
306
652
1262
2507
4993
---------------------------------
2
2
9
17
23
41
71
137
278
600
1218
2454
4931
---------------------------------
5
6
9
11
25
49
102
179
330
639
1247
2486
4984
---------------------------------
3
6
7
15
25
43
79
165
311
583
1220
2518
5059
---------------------------------
4
6
6
13
24
44
87
164
335
643
1277
2539
5059
---------------------------------
2
5
7
13
23
41
80
166
332
601
1201
2525
4987
---------------------------------
3
4
5
13
26
49
91
156
301
595
1225
2520
5078
---------------------------------
4
8
10
16
28
45
78
156
326
652
1287
2475
4973
---------------------------------
6
6
7
14
25
40
82
166
310
582
1265
2513
5085
---------------------------------
3
5
8
8
14
30
68
128
275
591
1204
2483
5019
---------------------------------
3
3
10
13
16
36
72
137
303
619
1244
2453
5072
---------------------------------
4
8
11
15
23
51
100
180
327
634
1240
2501
5052
---------------------------------
3
3
3
8
16
34
77
147
302
577
1202
2513
5008
---------------------------------
4
5
9
13
25
45
87
168
331
656
1336
2608
5008
---------------------------------
3
6
7
11
19
35
84
163
305
645
1300
2507
4876
---------------------------------
3
4
5
10
17
38
77
147
298
618
1228
2458
4978
---------------------------------
2
4
7
12
21
40
79
156
311
648
1276
2557
5004
---------------------------------
5
6
9
15
22
48
92
166
329
624
1236
2493
5028
---------------------------------
3
4
5
12
23
43
81
156
296
608
1179
2466
4935
---------------------------------
2
4
5
14
26
52
90
169
321
636
1264
2525
4938
---------------------------------
3
3
7
12
20
36
74
143
316
616
1179
2404
4929
---------------------------------
4
5
5
7
15
32
88
164
347
660
1328
2593
5058
---------------------------------
3
4
9
12
18
37
86
178
336
627
1269
2579
5015
---------------------------------
2
3
6
6
12
30
68
160
308
622
1249
2488
5066
---------------------------------
5
5
7
16
26
45
85
154
307
592
1244
2485
4994
---------------------------------
2
6
9
14
22
44
81
174
332
626
1251
2525
5083
---------------------------------
4
5
8
13
27
45
97
178
345
648
1257
2493
5014
---------------------------------
2
3
3
7
21
41
78
146
321
627
1242
2479
5014
---------------------------------
2
3
4
8
18
38
78
147
305
614
1242
2495
5043
---------------------------------
3
4
8
11
19
38
82
146
299
629
1246
2466
4949
---------------------------------
3
3
4
9
21
40
84
145
298
613
1229
2436
5053
---------------------------------
3
4
7
10
17
34
70
163
350
701
1302
2516
4972
---------------------------------
2
2
5
12
20
36
80
142
299
611
1233
2485
5018
---------------------------------
5
6
8
13
20
39
85
189
345
673
1320
2580
5021
---------------------------------
4
4
4
11
20
34
68
142
303
597
1271
2480
4994
---------------------------------
2
3
3
5
12
32
77
162
309
629
1269
2507
5008
---------------------------------
5
8
13
15
31
55
100
166
318
637
1224
2502
4982
---------------------------------
4
5
8
11
22
39
79
162
300
623
1222
2498
4987
---------------------------------
2
4
6
10
17
39
77
154
289
582
1250
2491
5062
---------------------------------
6
6
10
14
21
47
92
155
306
606
1196
2492
5023
---------------------------------
3
3
6
10
25
39
72
139
274
593
1216
2508
5000
---------------------------------
3
6
8
16
28
49
85
174
324
630
1260
2521
5027
---------------------------------
4
6
6
16
31
59
108
195
345
673
1257
2459
4956
---------------------------------
3
3
4
10
23
49
81
167
338
663
1285
2571
5060
---------------------------------
3
6
8
13
21
46
95
167
309
634
1257
2504
4968
---------------------------------
3
4
5
12
24
46
94
191
344
618
1230
2475
4995
---------------------------------
3
4
7
13
17
34
72
144
305
597
1216
2463
4993
---------------------------------
3
4
4
11
20
40
87
171
324
628
1242
2523
5059
---------------------------------
3
3
4
8
14
28
65
161
312
624
1236
2487
5040
---------------------------------
2
2
5
9
22
44
85
157
309
636
1275
2490
5002
---------------------------------
3
4
6
13
19
34
76
142
303
603
1229
2481
4973
---------------------------------
3
4
6
13
31
57
109
184
339
636
1274
2525
5102
---------------------------------
2
6
9
13
21
42
82
164
332
625
1280
2526
4995
---------------------------------
2
2
4
8
19
34
71
129
268
601
1241
2508
5021
---------------------------------
4
7
9
13
18
37
88
151
326
614
1247
2492
4953
---------------------------------
3
7
7
12
29
46
95
164
332
664
1296
2577
5001
---------------------------------
2
4
5
12
25
45
82
130
285
601
1234
2493
4959
---------------------------------
2
3
5
10
18
35
74
151
300
600
1245
2506
5007
---------------------------------
5
8
9
12
31
47
91
169
332
634
1273
2607
4986
---------------------------------
2
2
5
8
19
38
71
154
337
646
1273
2509
5041
---------------------------------
4
5
6
12
21
42
81
152
341
657
1305
2591
5030
---------------------------------
2
3
5
8
15
30
61
154
307
645
1270
2502
4977
---------------------------------
3
5
7
11
20
38
83
158
325
635
1251
2500
4977
---------------------------------
2
4
6
10
25
42
86
171
347
659
1270
2533
5019
---------------------------------
4
5
10
13
22
36
75
143
296
610
1243
2485
4995
---------------------------------
4
6
8
14
21
40
71
157
315
611
1208
2431
4952
---------------------------------
3
3
6
9
22
40
81
162
319
608
1217
2479
4983
---------------------------------
4
7
7
13
22
52
96
174
315
654
1265
2483
4965
---------------------------------
3
5
7
14
26
43
77
144
297
594
1256
2462
5063
---------------------------------
2
2
4
9
25
36
71
139
300
618
1238
2526
5011
---------------------------------
4
4
6
11
21
42
78
153
323
651
1297
2540
5012
---------------------------------
2
3
4
9
21
39
74
161
329
634
1183
2457
5013
---------------------------------
2
3
9
15
22
36
80
152
332
679
1285
2543
4991
---------------------------------
7
7
14
17
25
46
77
148
291
601
1225
2442
4925
---------------------------------
2
3
5
9
15
34
79
154
318
634
1277
2542
5000
---------------------------------
4
4
6
12
23
33
69
137
293
581
1192
2426
5006
---------------------------------
2
2
4
5
12
28
80
160
331
614
1222
2465
5006
---------------------------------
4
5
6
17
27
44
84
161
296
612
1247
2477
4952
---------------------------------
2
4
6
11
23
44
82
137
289
589
1239
2440
4978
---------------------------------
3
4
4
10
22
43
82
165
303
608
1230
2493
4909
---------------------------------
4
4
6
9
13
29
71
141
281
577
1159
2395
4927
---------------------------------
2
4
8
11
23
47
81
166
328
615
1264
2566
5038
---------------------------------
2
4
6
11
22
43
94
178
339
664
1286
2536
4896
---------------------------------
4
5
7
11
21
41
71
149
318
615
1258
2535
5064
---------------------------------
3
4
5
9
20
43
79
145
286
639
1276
2493
4975
---------------------------------
3
3
8
14
29
51
98
173
328
645
1295
2494
4925
---------------------------------
2
4
7
12
18
40
75
147
303
633
1223
2452
4923
---------------------------------
5
7
11
18
22
39
78
148
293
586
1243
2500
4990
---------------------------------
5
7
10
12
27
48
87
150
319
617
1236
2459
4993
---------------------------------
3
4
5
6
15
42
69
148
287
616
1262
2449
4903
---------------------------------
4
5
9
14
25
38
72
157
310
631
1253
2480
4993
---------------------------------
3
4
5
7
17
27
79
158
300
603
1228
2528
5064
---------------------------------
4
6
11
18
30
50
91
169
316
629
1220
2430
4998
---------------------------------
4
5
10
18
24
42
69
143
285
613
1271
2480
5006
---------------------------------
2
4
5
9
13
25
63
142
300
595
1195
2467
4971
---------------------------------
3
5
7
13
23
39
78
151
342
657
1303
2517
4973
---------------------------------
2
5
9
10
18
43
85
155
292
637
1230
2435
4921
---------------------------------
5
6
9
13
25
44
80
153
333
637
1237
2493
5046
---------------------------------
2
4
6
8
16
37
73
149
309
598
1211
2513
4974
---------------------------------
4
6
9
18
28
40
81
165
319
625
1282
2496
5006
---------------------------------
3
5
7
12
19
38
75
164
328
631
1231
2437
4967
---------------------------------
4
6
8
12
22
47
83
175
337
637
1255
2529
5051
---------------------------------
3
5
7
13
24
44
82
147
299
612
1245
2468
5034
---------------------------------
2
5
6
6
18
36
78
150
295
603
1199
2492
4973
---------------------------------
5
5
6
15
29
51
85
178
337
648
1321
2567
5015
---------------------------------
2
4
5
8
18
40
83
151
298
619
1246
2465
5004
---------------------------------
4
5
9
10
19
44
83
156
310
620
1286
2528
5012
---------------------------------
5
5
9
11
24
43
90
173
307
607
1229
2468
4948
---------------------------------
4
4
4
8
21
40
72
146
306
634
1260
2507
4993
---------------------------------
5
6
8
11
17
30
73
167
317
641
1260
2448
5004
---------------------------------
2
4
6
10
25
43
79
163
324
663
1278
2521
5008
---------------------------------
3
4
9
20
30
59
97
183
339
663
1292
2596
5005
---------------------------------
2
2
3
5
18
38
78
149
313
630
1241
2438
4990
---------------------------------
2
2
5
8
13
27
53
121
280
593
1203
2407
4896
---------------------------------
3
4
7
14
27
43
72
148
316
624
1265
2501
4967
---------------------------------
3
3
9
13
21
38
73
146
308
646
1248
2526
5004
---------------------------------
2
3
8
13
20
39
77
165
310
625
1208
2511
5035
---------------------------------
6
8
10
14
21
44
72
156
309
636
1230
2468
4993
---------------------------------
6
6
9
18
24
42
77
165
315
632
1233
2457
5065
---------------------------------
2
2
4
11
22
48
81
165
308
618
1230
2534
5095
---------------------------------
2
3
6
9
17
34
69
151
275
634
1197
2440
5014
---------------------------------
5
6
10
20
27
40
77
156
305
613
1255
2462
4978
---------------------------------
2
4
7
10
17
43
84
166
318
640
1255
2546
5065
---------------------------------
2
2
7
15
21
43
86
168
319
630
1276
2567
5027
---------------------------------
2
2
5
9
15
37
77
159
300
610
1253
2517
4997
---------------------------------
2
3
5
9
19
39
78
160
329
631
1233
2503
5006
---------------------------------
3
3
7
8
13
43
82
163
339
637
1258
2528
5022
---------------------------------
3
3
6
10
18
34
67
141
286
629
1236
2524
4976
---------------------------------
5
5
7
10
24
42
83
160
307
612
1255
2432
5030
---------------------------------
4
6
6
10
22
46
77
159
308
649
1285
2585
5094
---------------------------------
2
3
6
15
29
56
89
160
321
648
1255
2503
4990
---------------------------------
2
3
5
10
15
40
81
154
325
617
1231
2462
5025
---------------------------------
5
5
8
12
18
35
75
156
333
635
1284
2559
5054
---------------------------------
4
5
9
15
25
48
99
168
324
611
1253
2527
5043
---------------------------------
2
2
7
14
23
39
71
146
300
635
1248
2416
4927
---------------------------------
3
3
4
11
20
37
58
148
309
617
1294
2528
5068
---------------------------------
3
5
8
14
22
37
73
145
298
593
1193
2487
5019
---------------------------------
2
2
8
9
18
34
86
160
315
631
1265
2529
5057
---------------------------------
3
4
6
10
19
37
76
159
322
646
1273
2510
5017
---------------------------------
4
5
6
9
22
37
71
131
289
581
1185
2392
4978
---------------------------------
2
3
6
11
17
40
73
156
317
624
1244
2559
4958
---------------------------------
5
7
10
12
26
45
91
179
339
667
1255
2532
5028
---------------------------------
5
6
8
11
23
48
81
161
340
614
1189
2453
4957
---------------------------------
4
6
10
13
27
55
82
178
352
647
1255
2507
5046
---------------------------------
4
5
10
16
24
46
80
167
310
610
1240
2499
4955
---------------------------------
5
5
7
15
23
38
72
139
280
608
1269
2510
4964
---------------------------------
3
4
5
9
14
35
83
152
304
615
1229
2476
4994
---------------------------------
4
6
8
8
15
37
76
148
309
650
1244
2511
5024
---------------------------------
3
3
4
11
20
33
68
160
318
638
1307
2576
5087
---------------------------------
2
4
4
14
23
37
74
156
310
620
1271
2483
5013
---------------------------------
2
6
12
16
30
47
93
155
297
580
1223
2433
4927
---------------------------------
4
5
6
10
20
36
82
170
307
625
1264
2524
4908
---------------------------------
2
5
10
13
21
42
81
161
329
628
1244
2532
4980
---------------------------------
3
4
9
12
18
40
83
176
316
598
1243
2510
4963
---------------------------------
4
6
7
14
29
55
118
210
372
687
1318
2567
5052
---------------------------------
2
4
4
5
16
35
77
145
316
642
1264
2496
5067
---------------------------------
2
2
5
9
22
39
64
132
303
594
1199
2429
4997
---------------------------------
4
5
8
13
26
49
102
182
339
638
1243
2513
5019
---------------------------------
3
5
9
15
27
47
95
177
335
619
1226
2515
4987
---------------------------------
2
2
5
9
19
39
73
154
320
637
1247
2483
4976
---------------------------------
2
2
5
9
19
38
77
159
308
620
1237
2485
4975
---------------------------------
4
6
8
15
25
43
87
168
329
679
1299
2602
5087
---------------------------------
2
5
10
12
25
47
94
182
353
684
1308
2526
4986
---------------------------------
2
2
4
8
21
47
82
151
329
674
1305
2514
5026
---------------------------------
2
4
6
14
25
43
90
164
337
640
1236
2419
4940
---------------------------------
3
5
6
8
19
31
75
161
308
615
1234
2503
5006
---------------------------------
6
6
7
11
18
38
80
176
319
640
1267
2546
5006
---------------------------------
4
4
8
12
26
41
70
153
293
619
1279
2540
4954
---------------------------------
3
5
6
9
23
47
80
150
317
617
1204
2492
5004
---------------------------------
4
4
7
13
23
45
99
168
319
610
1233
2463
4987
---------------------------------
4
4
8
12
19
36
68
136
278
609
1251
2525
5041
---------------------------------
2
2
4
8
15
34
68
140
311
627
1261
2526
4973
---------------------------------
2
4
6
10
21
44
91
160
333
643
1267
2459
4967
---------------------------------
4
5
7
12
30
48
85
154
307
568
1161
2398
4964
---------------------------------
3
4
10
16
28
54
91
163
334
629
1261
2503
5014
---------------------------------
2
3
4
12
20
40
84
170
324
650
1276
2496
4950
---------------------------------
3
3
3
7
12
37
73
139
306
638
1288
2498
5007
---------------------------------
4
5
5
12
19
41
75
151
302
618
1197
2498
4955
---------------------------------
3
6
8
11
30
56
95
171
332
662
1266
2461
4900
---------------------------------
4
5
8
14
23
44
78
161
309
600
1201
2422
4937
---------------------------------
5
6
7
12
24
34
66
142
295
608
1216
2409
4895
---------------------------------
4
9
10
14
30
43
81
158
285
591
1169
2411
4940
---------------------------------
3
4
8
10
26
41
83
160
340
667
1306
2583
5046
---------------------------------
6
8
13
19
31
52
88
162
306
632
1274
2531
4964
---------------------------------
3
3
5
8
22
40
90
170
325
646
1266
2569
5059
---------------------------------
3
4
6
12
17
36
76
157
329
654
1278
2545
4986
---------------------------------
2
3
7
11
21
49
91
155
314
590
1237
2525
5052
---------------------------------
4
6
12
19
27
46
87
165
332
634
1277
2570
5028
---------------------------------
4
5
8
18
25
48
90
177
324
637
1255
2570
5036
---------------------------------
3
6
10
11
19
36
81
169
323
646
1265
2411
4971
---------------------------------
4
4
7
9
19
32
73
159
332
619
1283
2540
5025
---------------------------------
3
6
7
12
24
44
85
165
335
651
1288
2512
5033
---------------------------------
2
4
6
12
19
37
83
162
326
638
1299
2523
5033
---------------------------------
5
7
9
15
23
51
89
157
317
639
1306
2556
5005
---------------------------------
4
4
8
15
22
39
79
157
333
658
1277
2484
4999
---------------------------------
2
2
4
10
18
41
78
145
302
614
1239
2484
4942
---------------------------------
2
2
3
7
16
35
69
146
316
627
1243
2458
5034
---------------------------------
3
5
11
24
35
50
93
165
311
598
1213
2491
5079
---------------------------------
2
4
6
13
22
37
76
165
314
612
1232
2485
5036
---------------------------------
3
3
7
10
22
39
74
143
295
589
1204
2477
5011
---------------------------------
3
4
5
8
19
31
77
149
315
628
1235
2423
4968
---------------------------------
3
4
7
11
18
32
60
140
267
585
1205
2472
4958
---------------------------------
2
4
9
11
25
53
88
177
323
639
1244
2423
4900
---------------------------------
4
4
6
16
21
40
82
171
317
604
1238
2452
5017
---------------------------------
3
3
8
10
19
39
84
153
304
617
1243
2482
5017
---------------------------------
4
5
5
14
24
37
73
161
299
621
1222
2493
5019
---------------------------------
2
2
6
10
24
42
93
177
335
620
1230
2479
5005
---------------------------------
4
6
8
13
31
52
84
152
297
641
1278
2476
4958
---------------------------------
3
6
8
13
20
40
90
190
345
659
1278
2494
4991
---------------------------------
2
3
8
16
22
45
80
159
300
614
1230
2479
5019
---------------------------------
3
3
4
6
14
31
79
148
308
614
1210
2471
5000
---------------------------------
3
4
6
11
23
41
72
161
326
637
1269
2530
5028
---------------------------------
2
6
8
11
27
41
77
148
312
620
1267
2533
4932
---------------------------------
2
5
7
19
23
40
79
165
325
658
1286
2515
5089
---------------------------------
6
7
10
14
19
44
77
148
306
602
1221
2446
5007
---------------------------------
3
4
7
14
24
35
83
150
292
610
1257
2509
4989
---------------------------------
4
6
6
10
17
33
73
177
358
668
1268
2495
5019
---------------------------------
3
5
6
10
18
31
76
153
318
619
1230
2476
4986
---------------------------------
4
6
6
10
22
41
75
150
311
615
1229
2491
5017
---------------------------------
4
5
8
14
22
39
74
130
300
624
1247
2506
5036
---------------------------------
3
4
4
10
26
41
80
155
307
613
1238
2560
5053
---------------------------------
5
5
7
10
23
48
87
167
313
628
1263
2427
4872
---------------------------------
4
4
8
12
17
38
81
185
344
644
1267
2539
4977
---------------------------------
3
3
5
8
16
37
81
136
288
610
1228
2458
4951
---------------------------------
2
4
6
10
21
37
82
160
303
627
1251
2483
5021
---------------------------------
3
4
9
17
24
53
83
174
328
633
1259
2472
4926
---------------------------------
4
4
7
12
26
44
77
143
288
623
1266
2505
4968
---------------------------------
6
10
13
17
29
42
81
161
322
654
1298
2486
5000
---------------------------------
3
4
6
10
25
49
83
168
332
632
1283
2510
4991
---------------------------------
3
4
5
9
21
45
90
172
337
673
1271
2540
5065
---------------------------------
2
2
4
9
17
35
65
138
290
605
1243
2508
4971
---------------------------------
3
7
7
11
18
38
82
154
298
597
1256
2490
5033
---------------------------------
3
6
8
12
17
42
79
139
279
581
1228
2452
4973
---------------------------------
2
4
5
11
26
47
87
172
303
598
1216
2474
4989
---------------------------------
2
3
6
12
22
44
85
175
320
635
1247
2465
4990
---------------------------------
4
6
13
22
27
49
90
179
327
667
1270
2485
5079
---------------------------------
3
3
5
13
25
44
88
164
338
615
1254
2512
4983
---------------------------------
4
5
10
12
26
52
88
180
338
640
1260
2512
4998
---------------------------------
2
3
3
12
17
31
72
147
290
586
1213
2492
5078
---------------------------------
5
6
6
8
21
39
83
157
352
674
1328
2521
5002
---------------------------------
4
5
10
14
27
41
80
159
309
626
1251
2572
4977
---------------------------------
2
6
7
13
29
44
71
135
299
617
1213
2511
5015
---------------------------------
3
4
7
13
23
45
83
166
314
625
1213
2496
5018
---------------------------------
4
5
7
11
28
53
89
156
313
615
1238
2529
5063
---------------------------------
3
3
6
15
22
45
88
154
316
599
1231
2512
5035
---------------------------------
5
5
10
17
23
38
74
160
306
606
1239
2494
5022
---------------------------------
3
3
5
14
27
40
75
174
349
644
1249
2499
5064
---------------------------------
3
5
7
13
25
46
91
163
318
661
1314
2571
5031
---------------------------------
3
3
4
9
13
35
69
139
315
633
1265
2492
5003
---------------------------------
3
4
7
14
26
40
75
153
319
607
1240
2448
4979
---------------------------------
4
6
8
11
19
45
82
155
316
642
1283
2499
5099
---------------------------------
2
2
3
8
14
38
66
147
297
617
1225
2460
4946
---------------------------------
3
3
9
16
31
51
89
171
313
656
1289
2528
5040
---------------------------------
3
4
6
11
27
58
94
174
316
604
1216
2487
4928
---------------------------------
5
5
8
11
23
44
74
152
297
584
1206
2515
5034
---------------------------------
6
8
11
15
25
43
75
175
336
676
1311
2559
5006
---------------------------------
3
3
6
14
26
43
78
157
298
610
1213
2450
4984
---------------------------------
4
5
7
10
18
35
64
135
305
632
1275
2516
4965
---------------------------------
3
3
6
10
27
40
84
169
324
607
1240
2485
4990
---------------------------------
3
4
8
14
28
46
72
156
287
601
1220
2493
5013
---------------------------------
4
6
10
14
22
47
85
170
346
656
1279
2589
5077
---------------------------------
7
7
8
13
22
56
95
158
298
631
1237
2506
5013
---------------------------------
3
5
7
15
23
48
77
158
324
616
1232
2466
4964
---------------------------------
4
7
8
12
20
38
75
146
309
595
1215
2390
4954
---------------------------------
3
7
8
13
18
32
76
153
302
600
1238
2443
4982
---------------------------------
2
2
5
8
23
45
83
154
301
613
1208
2439
5021
---------------------------------
2
2
2
6
13
30
66
131
280
590
1219
2427
4909
---------------------------------
3
4
6
14
22
49
87
170
339
645
1276
2470
4912
---------------------------------
2
3
4
8
21
41
82
158
300
592
1224
2478
4937
---------------------------------
3
5
7
11
23
40
74
139
334
619
1211
2464
4962
---------------------------------
3
3
7
11
18
38
89
161
340
646
1242
2453
4896
---------------------------------
3
5
7
12
28
56
80
160
337
669
1291
2567
5013
---------------------------------
3
4
7
14
21
47
91
181
346
666
1298
2533
4948
---------------------------------
5
6
7
8
21
38
68
156
300
629
1252
2499
4991
---------------------------------
4
7
10
19
26
49
78
147
318
630
1238
2435
4987
---------------------------------
2
5
10
16
24
45
91
161
310
623
1271
2521
4999
---------------------------------
3
4
5
6
21
39
84
159
309
624
1234
2497
4972
---------------------------------
5
7
9
13
24
52
87
157
308
615
1242
2482
4953
---------------------------------
4
6
9
14
24
44
89
157
327
638
1279
2511
4958
---------------------------------
4
5
7
13
20
39
83
161
322
633
1269
2509
4978
---------------------------------
2
3
5
13
23
44
90
160
326
639
1281
2531
4993
---------------------------------
2
4
5
7
17
34
76
157
308
640
1266
2522
5030
---------------------------------
5
6
7
11
20
40
95
166
327
653
1221
2428
4938
---------------------------------
4
9
11
14
25
45
85
158
306
611
1238
2474
4963
---------------------------------
3
3
5
8
21
40
73
144
302
595
1237
2505
4987
---------------------------------
3
4
10
13
22
40
81
163
344
671
1314
2563
5076
---------------------------------
3
5
7
12
21
35
81
141
282
578
1201
2487
5020
---------------------------------
2
2
5
10
22
36
78
168
332
640
1283
2524
5020
---------------------------------
4
6
8
9
21
48
87
170
313
631
1252
2463
4965
---------------------------------
2
4
8
12
19
36
70
149
296
611
1224
2470
4918
---------------------------------
4
4
8
11
18
37
81
161
300
608
1242
2517
5024
---------------------------------
2
3
10
12
18
35
83
154
317
615
1255
2546
4991
---------------------------------
2
4
5
10
18
28
80
140
291
646
1247
2487
4983
---------------------------------
3
4
5
10
20
47
94
189
370
701
1322
2589
5105
---------------------------------
5
8
11
21
32
51
97
184
341
625
1277
2485
4980
---------------------------------
3
4
7
11
19
48
86
155
318
627
1211
2511
5003
---------------------------------
4
5
6
14
21
40
78
156
293
622
1244
2479
4953
---------------------------------
4
6
11
16
25
42
89
194
347
645
1305
2527
5059
---------------------------------
2
2
5
9
25
43
95
170
321
636
1286
2541
5001
---------------------------------
3
4
6
10
21
39
78
157
321
625
1275
2575
5092
---------------------------------
3
3
7
11
15
32
76
145
330
651
1287
2542
5012
---------------------------------
2
3
6
8
13
31
71
151
304
640
1224
2500
4996
---------------------------------
3
4
4
8
18
45
86
153
319
641
1277
2540
5030
---------------------------------
2
2
4
9
19
37
83
146
294
592
1219
2483
5016
---------------------------------
2
4
9
15
22
44
83
152
316
606
1248
2443
4957
---------------------------------
2
4
6
12
21
38
72
147
308
609
1217
2535
4940
---------------------------------
4
4
4
8
21
40
75
156
310
628
1258
2557
5013
---------------------------------
2
2
5
10
22
40
74
158
299
594
1234
2495
5027
---------------------------------
4
4
4
12
21
35
66
134
276
602
1213
2459
4964
---------------------------------
5
6
9
11
26
49
87
167
338
646
1298
2529
5073
---------------------------------
2
3
6
13
24
43
69
162
317
629
1261
2507
4989
---------------------------------
4
4
4
10
19
46
80
151
309
597
1217
2457
4934
---------------------------------
2
3
4
8
21
43
89
163
346
649
1283
2548
5033
---------------------------------
3
3
7
11
25
44
89
173
325
641
1224
2483
4913
---------------------------------
2
2
3
8
14
29
63
136
309
603
1244
2478
5014
---------------------------------
4
5
9
14
23
39
76
169
312
579
1235
2471
5012
---------------------------------
3
6
7
13
18
25
64
143
298
608
1237
2531
5031
---------------------------------
2
4
8
10
23
50
91
168
321
635
1273
2557
4950
---------------------------------
3
5
8
16
27
48
83
156
321
643
1275
2547
5082
---------------------------------
3
4
5
7
14
28
76
163
322
619
1255
2537
5009
---------------------------------
4
6
7
11
17
38
79
165
324
628
1228
2486
4991
---------------------------------
2
3
3
9
17
35
69
157
301
629
1245
2470
4902
---------------------------------
2
2
4
8
16
33
74
161
323
644
1279
2500
5033
---------------------------------
4
5
8
18
24
43
80
144
311
649
1259
2495
5029
---------------------------------
3
5
8
12
17
36
73
151
316
630
1252
2478
4959
---------------------------------
6
7
12
15
27
54
93
170
329
626
1264
2534
5039
---------------------------------
2
2
3
5
13
26
68
145
295
597
1198
2443
4972
---------------------------------
2
3
6
12
16
31
76
161
302
629
1245
2464
5030
---------------------------------
3
3
4
10
20
32
67
158
313
639
1244
2506
5013
---------------------------------
5
6
7
13
27
47
84
169
328
643
1254
2499
5031
---------------------------------
4
5
7
9
22
39
74
138
319
611
1183
2400
5030
---------------------------------
3
3
6
13
24
46
84
166
330
651
1238
2411
4915
---------------------------------
2
2
6
13
24
36
79
145
304
595
1257
2502
4965
---------------------------------
2
4
8
13
25
54
95
168
320
649
1260
2471
4907
---------------------------------
3
4
5
16
26
46
87
163
332
594
1232
2528
5070
---------------------------------
2
3
8
19
29
47
80
148
292
603
1189
2418
4969
---------------------------------
2
2
4
12
23
41
84
156
317
635
1263
2470
4969
---------------------------------
2
3
6
9
18
41
86
163
339
640
1214
2471
4981
---------------------------------
2
2
5
12
24
49
93
163
297
607
1219
2468
4901
---------------------------------
2
2
4
7
20
34
77
160
299
625
1234
2465
5025
---------------------------------
5
6
8
12
21
44
79
147
315
631
1273
2512
5004
---------------------------------
3
4
6
11
21
42
76
161
321
621
1300
2552
5004
---------------------------------
2
3
6
8
13
36
80
151
289
605
1235
2496
4974
---------------------------------
2
6
10
16
27
45
91
157
307
630
1300
2550
5044
---------------------------------
3
3
5
9
15
35
77
149
303
642
1237
2475
4954
---------------------------------
4
5
11
15
20
37
75
156
307
609
1212
2477
5046
---------------------------------
2
4
6
9
21
42
87
172
343
651
1278
2522
5049
---------------------------------
3
4
9
13
18
36
65
132
285
607
1193
2483
4942
---------------------------------
2
4
6
10
25
37
78
159
333
630
1253
2479
5015
---------------------------------
2
3
5
11
21
51
95
186
343
688
1332
2549
5099
---------------------------------
2
4
6
11
20
39
66
155
315
606
1214
2555
5001
---------------------------------
3
3
6
11
16
44
80
159
322
609
1278
2568
5040
---------------------------------
2
3
5
14
22
43
89
171
323
625
1267
2504
5005
---------------------------------
3
3
4
6
19
38
76
161
308
627
1250
2504
5013
---------------------------------
3
5
10
18
25
53
102
171
330
638
1304
2554
4937
---------------------------------
4
7
8
18
25
44
81
154
319
618
1228
2459
4994
---------------------------------
3
5
6
7
20
45
82
148
305
598
1212
2508
5000
---------------------------------
2
4
4
10
23
38
75
142
318
616
1222
2466
5024
---------------------------------
2
2
3
6
20
37
81
164
323
638
1276
2494
4973
---------------------------------
5
7
7
11
18
45
80
156
315
640
1263
2570
5055
---------------------------------
4
6
8
13
21
40
82
157
336
640
1249
2470
5070
---------------------------------
4
5
7
9
15
27
65
136
300
620
1245
2472
4966
---------------------------------
4
4
7
10
24
47
93
174
370
656
1241
2439
4942
---------------------------------
5
6
6
12
22
43
87
157
311
617
1242
2497
4988
---------------------------------
4
4
5
9
24
48
88
155
289
570
1207
2489
5012
---------------------------------
3
4
8
12
20
32
61
131
279
600
1201
2443
4992
---------------------------------
2
3
6
11
19
33
62
137
320
645
1250
2534
4971
---------------------------------
5
6
9
13
22
39
82
163
319
615
1230
2433
4924
---------------------------------
5
6
8
13
23
50
104
172
328
641
1268
2554
5011
---------------------------------
4
6
10
18
28
42
72
148
302
600
1241
2506
4991
---------------------------------
4
5
6
10
11
36
89
173
318
633
1320
2561
5091
---------------------------------
2
2
6
11
19
38
71
155
311
623
1272
2460
4986
---------------------------------
3
3
6
12
21
38
76
153
289
587
1250
2506
5026
---------------------------------
5
6
10
20
29
51
84
166
325
617
1250
2524
4956
---------------------------------
5
7
9
11
20
44
90
179
360
666
1315
2579
4985
---------------------------------
3
5
7
14
27
43
92
159
313
605
1227
2517
4991
---------------------------------
2
5
6
10
18
39
79
158
308
600
1219
2509
4941
---------------------------------
3
5
7
11
24
38
72
141
283
584
1236
2462
4961
---------------------------------
5
6
9
15
21
46
84
165
335
631
1267
2545
5054
---------------------------------
3
6
7
10
22
34
72
152
318
617
1232
2459
5058
---------------------------------
5
5
7
12
25
53
96
176
346
656
1233
2525
5006
---------------------------------
5
5
7
13
24
43
81
161
316
645
1258
2478
4907
---------------------------------
2
4
6
13
22
40
89
162
316
645
1258
2496
4960
---------------------------------
2
3
3
10
19
47
89
164
310
621
1233
2459
4964
---------------------------------
6
6
7
11
23
43
78
157
315
643
1237
2479
4953
---------------------------------
2
2
7
15
22
41
79
162
313
601
1242
2483
4963
---------------------------------
2
2
5
8
17
24
54
131
278
620
1219
2503
5034
---------------------------------
3
3
5
10
19
43
79
155
338
632
1247
2510
4976
---------------------------------
4
5
8
12
19
37
74
141
284
583
1217
2486
4988
---------------------------------
3
3
4
10
21
40
76
140
297
630
1258
2526
5092
---------------------------------
3
5
7
13
21
42
84
162
309
633
1245
2501
5001
---------------------------------
3
4
5
10
21
37
87
161
302
607
1273
2530
4982
---------------------------------
3
5
5
8
16
27
58
134
289
619
1234
2455
4889
---------------------------------
2
2
5
6
14
31
72
146
316
631
1228
2526
5013
---------------------------------
3
6
9
15
30
45
78
169
311
635
1267
2478
4965
---------------------------------
4
5
8
10
19
46
85
155
318
628
1254
2503
5001
---------------------------------
2
2
6
11
18
37
82
174
337
656
1320
2602
5078
---------------------------------
5
6
16
21
33
49
86
148
335
629
1246
2489
4986
---------------------------------
3
4
5
9
12
28
65
161
309
602
1243
2460
4934
---------------------------------
4
8
10
18
27
44
94
165
300
610
1237
2532
5079
---------------------------------
3
4
4
14
23
39
81
153
318
612
1255
2517
4978
---------------------------------
3
6
8
11
20
39
74
150
306
625
1229
2465
4981
---------------------------------
3
3
5
10
20
38
74
164
353
655
1275
2513
4999
---------------------------------
4
5
8
13
21
38
84
154
301
602
1277
2535
5013
---------------------------------
3
3
6
12
19
37
89
166
334
624
1250
2498
4977
---------------------------------
2
3
5
9
14
31
84
171
337
622
1197
2457
5049
---------------------------------
2
3
5
8
13
33
70
141
306
593
1267
2495
4969
---------------------------------
4
7
10
14
25
46
87
175
341
624
1283
2529
5087
---------------------------------
7
11
12
17
26
45
77
143
295
627
1287
2537
5017
---------------------------------
5
5
10
16
33
61
108
187
329
642
1275
2485
5090
---------------------------------
4
7
9
14
22
48
83
162
321
623
1203
2463
4886
---------------------------------
3
6
9
12
16
29
69
148
302
602
1239
2486
4963
---------------------------------
5
5
9
15
21
37
80
159
311
587
1174
2450
4988
---------------------------------
2
2
2
9
16
43
77
164
313
610
1262
2563
5074
---------------------------------
2
4
6
9
19
40
82
180
348
670
1278
2522
5029
---------------------------------
2
5
8
16
26
49
88
166
315
589
1193
2438
5038
---------------------------------
2
2
2
7
15
34
66
148
333
624
1249
2465
4928
---------------------------------
4
5
6
11
16
35
74
160
323
652
1291
2509
4980
---------------------------------
4
6
6
11
20
32
93
186
328
626
1233
2528
5057
---------------------------------
4
4
4
10
23
46
81
157
320
620
1229
2538
4979
---------------------------------
4
4
8
15
26
42
84
178
317
604
1208
2509
4999
---------------------------------
3
3
5
12
22
36
77
133
288
617
1226
2538
5083
---------------------------------
2
6
12
18
29
53
80
166
316
649
1273
2492
5083
---------------------------------
5
7
8
15
26
51
94
171
339
658
1269
2440
4951
---------------------------------
3
6
9
12
19
44
86
169
344
677
1286
2546
5032
---------------------------------
2
2
5
8
16
37
71
159
311
637
1214
2516
4973
---------------------------------
4
5
5
7
26
54
88
181
330
644
1300
2571
5038
---------------------------------
3
4
5
6
14
35
73
149
297
617
1262
2488
4945
---------------------------------
3
4
5
9
18
41
74
162
317
617
1236
2476
4972
---------------------------------
3
5
8
14
23
42
91
159
320
625
1263
2493
4977
---------------------------------
3
4
5
10
24
44
88
154
322
658
1225
2526
4974
---------------------------------
3
4
6
16
28
46
84
154
316
648
1280
2510
4994
---------------------------------
3
4
6
10
23
44
86
161
304
623
1235
2547
5018
---------------------------------
3
4
8
11
26
52
87
178
355
670
1291
2549
4991
---------------------------------
3
4
6
15
25
47
94
171
320
647
1275
2535
5028
---------------------------------
2
2
7
14
25
45
86
171
317
632
1268
2531
5001
---------------------------------
3
4
6
14
20
46
87
161
316
634
1290
2527
5024
---------------------------------
5
8
9
15
34
56
94
184
308
624
1262
2486
4998
---------------------------------
2
5
8
10
18
38
72
165
328
660
1267
2475
4967
---------------------------------
3
4
7
11
27
41
77
154
321
623
1278
2474
4917
---------------------------------
3
4
6
12
21
37
68
145
288
618
1219
2469
5001
---------------------------------
2
3
6
14
24
43
78
157
328
673
1312
2500
5023
---------------------------------
3
5
5
10
17
30
59
146
277
595
1227
2495
5011
---------------------------------
2
2
6
10
18
42
77
155
311
622
1178
2472
5014
---------------------------------
2
3
7
14
24
42
85
177
329
646
1267
2581
5064
---------------------------------
2
2
5
10
21
41
86
174
342
645
1280
2490
4951
---------------------------------
7
10
11
13
23
42
81
159
309
628
1269
2560
5086
---------------------------------
2
3
6
8
17
43
79
163
309
618
1237
2481
5022
---------------------------------
3
3
3
9
21
41
82
174
333
644
1244
2524
4988
---------------------------------
4
4
7
12
17
45
85
155
332
624
1223
2501
5034
---------------------------------
3
4
5
11
19
40
76
158
321
611
1192
2465
4983
---------------------------------
3
4
7
15
27
46
90
174
318
631
1231
2455
5012
---------------------------------
5
5
6
9
15
38
84
162
313
627
1279
2510
4987
---------------------------------
3
7
10
17
26
46
91
170
342
686
1268
2543
5055
---------------------------------
2
5
7
13
20
31
73
150
311
655
1298
2547
5016
---------------------------------
7
9
10
13
24
43
76
152
311
618
1246
2502
4938
---------------------------------
3
5
8
13
17
34
75
159
301
594
1231
2454
4892
---------------------------------
4
5
7
11
21
43
72
146
307
613
1221
2474
4936
---------------------------------
3
3
7
8
14
31
71
148
313
634
1265
2468
4892
---------------------------------
2
3
5
11
20
34
69
153
320
615
1229
2461
4967
---------------------------------
3
3
4
10
21
44
77
144
292
613
1251
2512
5035
---------------------------------
2
2
6
9
23
35
73
164
303
633
1214
2505
4986
---------------------------------
4
4
8
12
21
38
71
158
319
637
1287
2511
4981
---------------------------------
3
5
8
12
22
41
81
152
292
620
1246
2513
4941
---------------------------------
4
5
6
12
22
36
77
162
323
640
1242
2471
4988
---------------------------------
3
4
4
10
19
37
77
155
311
630
1260
2545
4994
---------------------------------
3
4
4
7
13
32
59
147
302
610
1233
2471
5006
---------------------------------
3
6
7
13
25
51
90
180
361
675
1334
2584
5090
---------------------------------
3
4
6
13
19
33
69
145
281
618
1264
2481
4953
---------------------------------
5
5
9
15
26
48
90
189
348
660
1289
2579
5109
---------------------------------
3
4
6
9
16
34
71
145
290
594
1204
2477
4964
---------------------------------
4
5
7
9
21
34
76
149
319
656
1264
2475
5039
---------------------------------
2
4
10
17
23
41
79
147
268
593
1193
2432
4943
---------------------------------
4
7
8
11
23
38
70
159
311
606
1220
2554
5001
---------------------------------
4
5
11
19
27
53
84
150
323
636
1260
2529
4956
---------------------------------
6
7
10
13
26
43
74
156
310
595
1228
2521
4983
---------------------------------
3
4
8
15
20
36
80
160
308
617
1242
2497
4971
---------------------------------
5
7
13
17
23
44
77
141
292
615
1260
2506
5074
---------------------------------
2
4
5
15
26
37
74
143
306
606
1232
2463
4903
---------------------------------
4
5
7
12
21
39
81
153
331
661
1331
2591
5068
---------------------------------
4
4
8
11
22
47
79
154
321
621
1264
2531
5004
---------------------------------
5
8
8
13
24
44
82
161
311
620
1235
2497
5028
---------------------------------
2
5
6
12
22
38
68
152
311
640
1216
2472
4999
---------------------------------
3
3
4
10
16
31
72
142
320
641
1312
2527
5054
---------------------------------
