436150375
625073667
608606833
570531083
713624375
460470208
529030875
487100875
531519958
579511792
575099625
531224916
565103666
517334166
518575500
464001000
564915458
511718125
544772834
618261834
514154750
521166584
537368041
588705125
482518208
555923750
473318458
616794125
558163375
532717917
577808958
463667708
463300625
569902750
511981500
521349500
539073500
540801792
506077125
462934125
551322000
544511958
509042416
536495083
550503083
416332709
517541250
542484000
572506959
539467125
528088917
531364875
548438542
521428333
628349833
574469833
586583333
408347083
533657209
568621625
665422500
604777709
559027583
501298333
554083958
522102125
500428291
553425292
437824042
548823458
577223042
530909542
500029333
558288500
502140375
633618416
501896542
583426417
527948167
532682166
558907208
537448625
538145833
522593792
475125291
474294167
530519125
439457875
567757833
551136542
578584417
504660542
519575959
579891042
513834500
534944000
546209667
920346625
714194667
721529458
653924667
552309209
612106250
660588541
728003041
672128417
605844541
618277792
821746500
746482125
534815792
550247083
477096583
615628750
705066959
620596000
719563292
563888959
618480084
453694208
630665708
475497500
502649333
519770542
441460250
621936584
497820917
442649250
614573625
563563417
525417125
576000250
608609041
583732875
557723708
530209500
530439083
503799417
663578750
599899500
561125250
513526292
539152459
532584250
635806000
521725667
639664959
519072750
541159459
492097125
547932333
483499250
592780250
600957625
625151333
513192834
579599750
545784500
538858875
590691375
505529417
547333458
542230334
493326625
518673750
501895000
493544459
539433917
540473666
525967583
621440375
527356500
505215042
499384875
582422000
699047917
468571334
521011791
491698792
565271250
596626167
416874500
499837541
495655375
565400375
488765542
556695375
562157500
592201500
557238333
589017541
520621250
566646000
523956708
563238125
553415875
586855833
549866833
594715708
542808292
