726948792
513191208
578324416
701711000
534999333
546465584
538429708
546414292
442089416
591937916
560774333
538916792
518862208
463046041
721205166
499182292
465249209
555379375
508844917
524406833
584017250
536065333
571098166
583968416
521425958
515614125
520113334
541055459
522366000
480121500
609480375
573044333
571126958
569407000
473801583
518661667
526783792
540361083
538974583
500340666
514524875
528941375
520278916
541495542
535487667
544748375
623340708
530114792
547386375
564734125
530872375
545061833
506669292
446229417
543808625
529862625
515720292
545768458
583233958
562495250
560278750
510806750
538756958
537654625
508881000
590049458
616071500
623301875
512080708
558408542
585956583
506180583
448671667
565652583
479905375
552025000
452355334
525217417
522305333
528342250
605879833
559496000
612428542
553977709
547905916
549817209
535523041
592215542
608239625
562463917
565494792
565400875
523963458
720011000
583142833
522918125
620629792
933033167
1402272875
564451084
522049292
595426958
466916083
569600209
645145083
719412583
562171125
688390125
615381792
637447000
669197042
723708167
586951166
690105542
652313667
677982250
703966917
544440375
582703417
515812334
500624084
633775417
665766584
579470333
630427166
624427000
564324959
546397125
485344083
537881291
468224667
544822084
466790792
533198459
586663833
590750000
536281917
474951833
450597458
460798417
618163500
594051250
472019458
534124292
501954167
557245084
604875917
556739416
539018500
576974708
513525375
614793875
487736584
494980792
541464459
540039750
651632000
555334916
517870125
528729708
539151209
584069541
575471375
588674750
521785916
619391666
573745042
542557500
565856084
546079500
542025167
611655417
547958250
582266541
553642250
552449959
676440208
661000750
595540584
570694833
616869750
562943541
583269084
537625083
576749125
605820375
505698292
506369291
575013167
525881959
554847583
546714834
498833917
525088875
562751167
546419625
532041542
564469958
633152834
529472417
